18.818660146829977
18.270848222230498
19.00247209949514
19.502398833673606
19.960618019208695
19.43278817729125
20.29638676330466
20.61809742070225
19.5323021589489
19.292620815838045
23.777713290842556
19.503366711274143
21.978216868487102
20.285903369707604
18.983765132753078
22.597960891133056
21.30042619185239
17.944323410976047
19.157114341184663
20.594183785228974
19.089348763039567
17.914869684714386
21.6939608716518
21.233383831275795
19.412411515636393
19.54083356265358
19.465414906723588
21.18661246406796
17.86994803950744
22.66015440738444
20.80397881732529
23.193795829526728
20.008456173157768
22.001419536188358
20.611205378782486
19.90589357546171
21.61749206121761
19.06688882925252
19.664868282084903
19.574653908012216
21.290068293278946
20.94941252132459
20.1211516208297
19.518039898815026
20.361068867436543
21.003189103099842
20.391708918967566
20.72400528448791
21.85309347373697
20.234687166152952
18.850234135338553
20.80537008289246
19.084564772317073
21.71235794269435
19.025806631828047
19.334415739305953
18.921152710810482
20.676095982515427
19.724675079034657
23.382049363781555
20.515404387761283
17.73534994207825
18.73414407380632
20.774516125380117
20.119299641706334
19.783914110315433
19.6622022762227
20.316148947019066
18.995173972497827
22.107754536764975
20.55290294995128
20.332142499421895
20.773996131624344
19.42530378376484
21.420582501269017
18.85579531576243
17.591014126164374
20.313820803891375
20.73835743779118
18.285646912178347
18.00046813575336
20.57270418893944
20.954586680918773
20.327625299405423
18.838457593139264
20.832524892888934
23.064072563420666
20.90410831580777
18.97564692395501
18.701509066599602
19.70898648833159
22.293346449994452
19.786209840646336
21.810786652551304
20.39508113902731
19.504434190915482
18.583904838875867
19.864806023516074
19.148961463517626
19.826655213791625
16.198845629256027
16.114059380267644
16.215181892202047
16.267105186301507
16.185789979445023
16.253632050303864
16.387296591484557
16.464545765787527
16.437151469896804
16.501061266465566
16.441285795949028
16.39330499509137
16.64690841576946
16.581834425444022
16.355478971293156
16.66756492302808
16.69400809036594
16.486026760494198
16.357019158202526
17.787854822727425
16.06987951097443
18.005565363231902
16.463685553476232
18.06540051648554
17.358110695296162
17.461713322165757
18.59142546436098
19.326556525232277
18.896972183751572
18.686491223691306
18.62965491386381
18.2439239699898
18.81720955153912
19.477171301317465
21.497679070880828
21.630021119410294
