[nan]
[nan]
[nan]
[1.08540757]
[nan]
[1.78137174]
[nan]
[nan]
[0.46906918]
[1.00579644]
[nan]
[0.43066559]
[0.88841333]
[nan]
[-0.56872425]
[nan]
[nan]
[nan]
[nan]
[nan]
[-2.43941979]
[nan]
[nan]
[0.74212119]
[nan]
[1.91614045]
[0.47284064]
[nan]
[-1.14918737]
[-0.17746747]
[nan]
[nan]
[0.14346447]
[0.34608197]
[nan]
[-1.04831683]
[0.66872297]
[nan]
[-0.49175423]
[nan]
[nan]
[-2.37076841]
[-0.55968102]
[nan]
[-1.0482269]
[-1.51942708]
[0.12311352]
[nan]
[1.12932608]
[-1.38377707]
[nan]
[nan]
[-0.95533597]
[nan]
[nan]
[nan]
[nan]
[0.58819633]
[0.97186402]
[-1.15553894]
[-0.00377255]
[nan]
[nan]
[-1.88236692]
[-1.84335025]
[nan]
[0.30942397]
[-1.01927022]
[nan]
[0.83582939]
[-0.13822023]
[nan]
[-2.19620168]
[nan]
[-0.271069]
[nan]
[nan]
[-0.43026039]
[nan]
[nan]
[-1.35280263]
[nan]
[nan]
[nan]
[-1.89571002]
[nan]
[nan]
[1.42151211]
[-3.21713672]
[nan]
[0.71111792]
[nan]
[0.29213518]
[nan]
[0.54815129]
[-2.56078857]
[0.2299958]
[nan]
[nan]
[nan]
[-1.06998563]
[nan]
[nan]
[nan]
[nan]
[-3.22224035]
[1.00589091]
[-1.25907434]
[nan]
[nan]
[nan]
[-1.31624846]
[1.25632709]
[0.48917163]
[nan]
[1.44868929]
[-0.58018434]
[-3.16156006]
[nan]
[nan]
[nan]
[-0.54513428]
[nan]
[nan]
[nan]
[nan]
[-0.99837761]
[nan]
[0.10612238]
[nan]
[-1.42949141]
[nan]
[nan]
[-0.92180669]
[-1.09527905]
[-0.54235478]
[nan]
[-0.12485123]
[nan]
[nan]
[nan]
[-0.44998724]
[nan]
[nan]
[nan]
[nan]
[nan]
[-2.32317998]
[1.2874826]
[0.56516427]
[nan]
[nan]
[nan]
[nan]
[-1.07519642]
[nan]
[-0.89109403]
[nan]
[nan]
[nan]
[nan]
[1.54114097]
[nan]
[-0.25039725]
[nan]
[-0.91593617]
[nan]
[-0.46093624]
[0.80640671]
[-1.45271294]
[-3.03938971]
[nan]
[nan]
[nan]
[-0.76253467]
[-0.15008599]
[1.48216268]
[-1.05415878]
[0.32536518]
[nan]
[0.10976663]
[-2.57846761]
[-0.81481157]
[-0.23643598]
[0.64348798]
[0.60085201]
[-1.11079832]
[-1.23007231]
[-1.013299]
[-0.36962595]
[-2.10468647]
[nan]
[-1.24993785]
[nan]
[-0.96813077]
[nan]
[0.35952993]
[-1.86604227]
[-1.54763609]
[-0.54143228]
[1.4007031]
[nan]
[nan]
[nan]
[0.46491732]
[nan]
[nan]
[nan]
[nan]
[nan]
[nan]
[nan]
[-1.66175627]
[-1.23802165]
[nan]
[nan]
[2.04275366]
[-0.78715907]
[nan]
[nan]
[nan]
[nan]
[1.0795769]
[nan]
[-1.6564837]
[-2.87737797]
[1.19305786]
[-0.67167089]
[nan]
[-1.15998414]
[-1.25537743]
[nan]
[-2.07929656]
[nan]
[-0.63707798]
[nan]
[-0.84580624]
[nan]
[0.91894748]
[0.98560641]
[nan]
[-2.04592421]
[nan]
[nan]
[nan]
[-1.96791389]
[-1.53082442]
[nan]
[1.33387905]
[-2.26700067]
[0.96716773]
[0.82028305]
[-0.48863037]
[-1.85652824]
[-0.74409727]
[0.02930714]
[0.19360762]
[nan]
[nan]
[nan]
[nan]
[nan]
[-1.92760006]
[0.87129423]
[nan]
[-1.52919577]
[nan]
[-3.67305701]
[nan]
[-3.19276592]
[nan]
[nan]
[nan]
[-0.99884583]
[0.35049429]
[nan]
[nan]
[0.84199961]
[1.14971948]
[nan]
[0.56835701]
[-1.77967847]
[0.89593381]
[nan]
[nan]
[nan]
[-0.48279205]
[nan]
[-1.95244221]
[6.04469]
[-2.28519553]
[nan]
[nan]
[nan]
[-0.10420061]
[-2.24192164]
[-1.543437]
[nan]
[nan]
[nan]
[1.01949745]
[nan]
[-1.93422261]
[-1.19561382]
[nan]
[nan]
[-0.02100122]
[-1.96148325]
[nan]
[1.98226617]
[nan]
[-1.39800354]
[nan]
[-1.95251095]
[nan]
[-0.40416509]
[0.24160225]
[-2.16442635]
[nan]
[nan]
[0.05814454]
[-0.51622916]
[-2.44707624]
[nan]
[nan]
[0.88981958]
[nan]
[-0.12186766]
[nan]
[0.4200236]
[nan]
[0.95668179]
[-1.20245592]
[-0.16647917]
[-0.64930671]
[nan]
[0.84858376]
[-0.89736237]
[nan]
[-0.82677959]
[nan]
[nan]
[-0.12598403]
[-2.08156053]
[nan]
[nan]
[nan]
[-2.20581924]
[nan]
[nan]
[2.01898516]
[nan]
[1.40921856]
[nan]
[nan]
[nan]
[nan]
[-0.87664912]
[-1.95899969]
[-1.49313466]
[1.30037745]
[nan]
[-2.74809655]
[-0.46862439]
[nan]
[nan]
[-0.50996284]
[0.39051027]
[0.32700799]
[-2.25619562]
[nan]
[-2.80764089]
[-2.04329556]
[-0.8436642]
[nan]
[nan]
[-1.34661954]
[0.12173251]
[nan]
[nan]
[-0.6053144]
[1.10151641]
[nan]
[-1.96242165]
[nan]
[nan]
[0.49561343]
[nan]
[nan]
[nan]
[nan]
[nan]
[-0.68470457]
[0.99113963]
[nan]
[-0.12445313]
[-1.51152586]
[nan]
[nan]
[-0.931143]
[nan]
[-1.46327687]
[-3.89901491]
[nan]
[1.22893397]
[nan]
[-0.7717111]
[nan]
[nan]
[-1.33675235]
[nan]
[nan]
[nan]
[1.42138794]
[nan]
[nan]
[nan]
[0.20315574]
[nan]
[nan]
[nan]
[nan]
[nan]
[nan]
[-0.67259167]
[nan]
[-0.62357795]
[nan]
[nan]
[nan]
[nan]
[nan]
[nan]
[nan]
[-0.56574652]
[0.20510264]
[nan]
[nan]
[0.98587828]
[nan]
[-1.93028274]
[0.96678245]
[nan]
[nan]
[0.22704109]
[0.44651991]
[1.78648623]
[nan]
[nan]
[nan]
[-2.02656911]
[nan]
[0.22143381]
[nan]
[nan]
[nan]
[-2.24474091]
[nan]
[nan]
[0.44124704]
[-0.74058848]
[nan]
[nan]
[0.70599505]
[-0.26139372]
[nan]
[2.23448356]
[1.99646295]
[nan]
[nan]
[nan]
[-0.80318402]
[-0.57507125]
[-0.97038862]
[-0.78834297]
[1.06152404]
[1.11212968]
[nan]
[1.18185056]
[nan]
[nan]
[0.16271214]
[nan]
[nan]
[nan]
[1.23094613]
[nan]
[nan]
[-0.47699737]
[-1.8703266]
[nan]
[nan]
[-1.57023982]
[nan]
[nan]
[nan]
[nan]
[-1.21145375]
[-4.11776037]
[1.61605306]
[1.71241138]
[-0.14101978]
[nan]
[2.11752966]
[nan]
[nan]
[nan]
[nan]
[nan]
[-0.574459]
[nan]
[0.57284058]
[nan]
[nan]
[-2.74173432]
[3.06042847]
[nan]
[1.28762994]
[nan]
[nan]
[0.82249154]
[-0.58720482]
[nan]
[nan]
[nan]
[-2.84806447]
[-1.9941223]
[nan]
[nan]
[-1.71950924]
[nan]
[nan]
[nan]
[-0.04014649]
[-1.47362817]
[-0.1802847]
[-2.6770149]
[-0.83155935]
[-0.39652187]
[0.27656733]
[nan]
[nan]
[1.11024237]
[nan]
[nan]
[nan]
[nan]
[nan]
[-0.14943739]
[-2.47427991]
[nan]
[1.34808754]
[nan]
[-0.61548489]
[nan]
[-0.17812173]
[0.82178753]
[-0.24874273]
[1.64425672]
[nan]
[nan]
[nan]
[-1.01098237]
[-0.68520716]
[nan]
[1.18399529]
[nan]
[nan]
[-0.19902224]
[0.08547898]
[nan]
[nan]
[nan]
[nan]
[0.03454075]
[-1.03219233]
[nan]
[nan]
[nan]
[-2.57291923]
[0.97223577]
[-2.25789897]
[0.76178888]
[nan]
[-5.07357431]
[-1.18240666]
[-0.53401655]
[1.07760275]
[-1.57363847]
[nan]
[-0.29401617]
[0.0016016]
[-2.57175091]
[-0.60958674]
[nan]
[nan]
[nan]
[1.32902126]
[nan]
[nan]
[-1.87956478]
[nan]
[nan]
[-0.18275578]
[0.61648302]
[-3.22347886]
[-2.44879332]
[nan]
[nan]
[nan]
[nan]
[nan]
[1.18909591]
[1.10323381]
[nan]
[nan]
[nan]
[nan]
[nan]
[nan]
[-0.13826842]
[0.98584802]
[nan]
[nan]
[-0.10385448]
[0.40015843]
[nan]
[-1.69500831]
[nan]
[nan]
[nan]
[nan]
[nan]
[-1.96943509]
[2.57706915]
[1.62895844]
[nan]
[0.51007938]
[-1.35529718]
[-0.71334992]
[nan]
[nan]
[nan]
[nan]
[nan]
[nan]
[1.58574408]
[-1.17392618]
[-0.39272368]
[nan]
[-1.07569869]
[-0.76574052]
[-0.75232799]
[-1.84029094]
[nan]
[nan]
[nan]
[nan]
[nan]
[1.9777447]
[nan]
[-0.39529802]
[nan]
[nan]
[1.17410602]
[0.96726324]
[-0.61656712]
[0.74005634]
[nan]
[0.1131015]
[nan]
[0.78529135]
[nan]
[0.6148018]
[-1.04466471]
[nan]
[0.42345218]
[0.6419907]
[1.96293646]
[nan]
[nan]
[nan]
[-1.4839283]
[nan]
[nan]
[nan]
[nan]
[nan]
[-2.14088077]
[-2.70633639]
[-1.29169701]
[1.4596457]
[0.14585145]
[1.49723476]
[nan]
[1.22744898]
[-0.67805861]
[nan]
[nan]
[nan]
[1.30903162]
[0.7249105]
[nan]
[-0.31707184]
[nan]
[nan]
[nan]
[nan]
[nan]
[nan]
[nan]
[-1.57393894]
[0.80527061]
[0.65662003]
[-1.35866004]
[0.21560271]
[nan]
[0.7321045]
[nan]
[-1.05586564]
[nan]
[nan]
[0.71510149]
[nan]
[nan]
[nan]
[-2.96210253]
[nan]
[-1.68875036]
[nan]
[nan]
[1.33216648]
[nan]
[-1.2758347]
[nan]
[nan]
[-0.78586085]
[0.07996199]
[nan]
[nan]
[nan]
[0.10684558]
[-3.11609866]
[nan]
[nan]
[-0.93841845]
[nan]
[-0.67128142]
[0.8756252]
[-0.12308009]
[-2.30204182]
[-2.6927462]
[nan]
[nan]
[-0.59487646]
[nan]
[nan]
[nan]
[nan]
[nan]
[1.07008246]
[-2.84567848]
[0.46195225]
[0.7765448]
[nan]
[nan]
[nan]
[nan]
[0.38625081]
[nan]
[-3.15827054]
[-2.54658617]
[nan]
[0.8498621]
[nan]
[0.65688857]
[nan]
[0.10750401]
[nan]
[nan]
[0.02812371]
[-1.56790247]
[nan]
[1.0148098]
[nan]
[-2.59822914]
[3.56719979]
[1.30254508]
[nan]
[-1.71202713]
[-0.4991109]
[-1.27312427]
[nan]
[0.06591274]
[0.85630141]
[-1.4022664]
[-1.45896756]
[-2.674933]
[nan]
[-2.09473024]
[nan]
[-2.43871839]
[nan]
[-1.39607562]
[nan]
[nan]
[nan]
[nan]
[nan]
[-1.64284656]
[nan]
[nan]
[0.03938802]
[nan]
[1.024158]
[nan]
[-0.1039722]
[1.02919148]
[1.05564828]
[nan]
[0.40292262]
[0.02131707]
[nan]
[nan]
[-1.13621493]
[-1.88895864]
[-0.64638863]
[0.21092208]
[1.35883841]
[-0.58776997]
[nan]
[-2.11419125]
[nan]
[-2.2044556]
[-1.82695973]
[nan]
[nan]
[0.18243452]
[-2.43724922]
[nan]
[2.03863137]
[-1.78491812]
[nan]
[-1.88848463]
[0.36618415]
[-2.25791173]
[-0.18114492]
[-0.22066038]
[nan]
[-1.57479496]
[-0.84482471]
[nan]
[-0.72346324]
[-0.695567]
[-0.20730068]
[nan]
[-0.83123129]
[nan]
[nan]
[-2.08637678]
[-1.15399151]
[3.11019574]
[1.24428366]
[0.80317735]
[nan]
[nan]
[0.21467521]
[nan]
[1.54013317]
[nan]
[nan]
[-1.13658348]
[nan]
[0.92493479]
[nan]
[nan]
[nan]
[-1.30818622]
[-1.60925257]
[0.3998905]
[nan]
[0.27655156]
[nan]
[0.27252876]
[nan]
[nan]
[nan]
[nan]
[nan]
[-0.95654439]
[nan]
[-1.24308952]
[nan]
[nan]
[0.30049388]
[-1.30983616]
[nan]
[nan]
[nan]
[nan]
[nan]
[nan]
[-1.7154881]
[-0.32686754]
[nan]
[nan]
[0.75111919]
[nan]
[nan]
[nan]
[nan]
[-0.95549648]
[-2.51794567]
[nan]
[nan]
[-1.82914423]
[-0.96933137]
[nan]
[-0.37554131]
[-1.76516843]
[3.04760109]
[nan]
[1.05256287]
[0.7726468]
[nan]
[nan]
[nan]
[0.04700335]
[-1.6877823]
[nan]
[-0.54634708]
[nan]
[-1.21678831]
[-0.19597775]
[nan]
[nan]
[1.57903836]
[1.24023825]
[nan]
[-2.27626699]
[-2.82153472]
[-0.99700953]
[nan]
[-1.39418909]
[-1.68015984]
[nan]
[0.94716017]
[-1.53690906]
[-1.21981225]
[nan]
[-1.99900632]
[1.56353471]
[-1.83301034]
[nan]
[nan]
[-0.29701359]
[nan]
[nan]
[-2.42724361]
[-1.39806143]
[nan]
[1.68892681]
[-1.09776648]
[-2.06223661]
[0.80996186]
[1.15829915]
[-1.38100944]
[-0.55210521]
[nan]
[0.79392917]
[-3.21123755]
[nan]
[-0.99882099]
[nan]
[nan]
[-2.99119241]
[nan]
[0.5947584]
[0.17656309]
[nan]
[-1.40892275]
[-1.6286962]
[nan]
[nan]
[0.08627821]
[0.78372262]
[nan]
[1.01523978]
[-1.24793408]
[nan]
[-1.35346791]
[nan]
[-0.98849389]
[0.56863772]
[nan]
[-0.38575132]
[nan]
[nan]
[nan]
[nan]
